free_thresh: 0.196
image: riseholme.pgm
negate: 0
occupied_thresh: 0.65
origin: [-31.450000000000003, -12.449999999999994, 0.0]
resolution: 0.05
